{
 "cells": [
  {
   "cell_type": "code",
   "execution_count": 1,
   "metadata": {
    "collapsed": true
   },
   "outputs": [],
   "source": [
    "import numpy as np"
   ]
  },
  {
   "cell_type": "code",
   "execution_count": 2,
   "metadata": {},
   "outputs": [
    {
     "name": "stdout",
     "output_type": "stream",
     "text": [
      "[ 0.1212  0.104   0.5661  0.762 ]\n",
      "[ 0.842     0.5422    0.932     0.847361]\n",
      "[ 0.3672   0.34551  0.2332   0.1538 ]\n"
     ]
    }
   ],
   "source": [
    "val1, val2, val3 = np.loadtxt('DadosExemplo.txt', skiprows=1, unpack=True)\n",
    "print(val1)\n",
    "print(val2)\n",
    "print(val3)"
   ]
  },
  {
   "cell_type": "code",
   "execution_count": 3,
   "metadata": {},
   "outputs": [
    {
     "name": "stdout",
     "output_type": "stream",
     "text": [
      "[[ 0.1212    0.842     0.3672  ]\n",
      " [ 0.104     0.5422    0.34551 ]\n",
      " [ 0.5661    0.932     0.2332  ]\n",
      " [ 0.762     0.847361  0.1538  ]]\n",
      "[[ 0.1212    0.104     0.5661    0.762   ]\n",
      " [ 0.842     0.5422    0.932     0.847361]\n",
      " [ 0.3672    0.34551   0.2332    0.1538  ]]\n"
     ]
    }
   ],
   "source": [
    "lista = np.genfromtxt('DadosExemplo.txt',skip_header=1, filling_values=34)\n",
    "print(lista)\n",
    "\n",
    "print(lista.T)\n"
   ]
  },
  {
   "cell_type": "code",
   "execution_count": 4,
   "metadata": {},
   "outputs": [
    {
     "name": "stdout",
     "output_type": "stream",
     "text": [
      "[[ 0.1212    0.842     0.3672  ]\n",
      " [ 0.104     0.5422    0.34551 ]\n",
      " [ 0.5661    0.932     0.2332  ]\n",
      " [ 0.762     0.847361  0.1538  ]]\n"
     ]
    }
   ],
   "source": [
    "lista = np.genfromtxt('DadosExe.csv',skip_header=1, delimiter=';')\n",
    "print(lista)\n",
    "\n"
   ]
  },
  {
   "cell_type": "code",
   "execution_count": 2,
   "metadata": {},
   "outputs": [
    {
     "ename": "ModuleNotFoundError",
     "evalue": "No module named 'db'",
     "output_type": "error",
     "traceback": [
      "\u001b[1;31m---------------------------------------------------------------------------\u001b[0m",
      "\u001b[1;31mModuleNotFoundError\u001b[0m                       Traceback (most recent call last)",
      "\u001b[1;32m<ipython-input-2-7aa34b5d5ef3>\u001b[0m in \u001b[0;36m<module>\u001b[1;34m()\u001b[0m\n\u001b[1;32m----> 1\u001b[1;33m \u001b[1;32mfrom\u001b[0m \u001b[0mdb\u001b[0m \u001b[1;32mimport\u001b[0m \u001b[0mDB\u001b[0m\u001b[1;33m\u001b[0m\u001b[0m\n\u001b[0m",
      "\u001b[1;31mModuleNotFoundError\u001b[0m: No module named 'db'"
     ]
    }
   ],
   "source": [
    "from db import DB"
   ]
  },
  {
   "cell_type": "code",
   "execution_count": 7,
   "metadata": {},
   "outputs": [
    {
     "ename": "NameError",
     "evalue": "name 'dt' is not defined",
     "output_type": "error",
     "traceback": [
      "\u001b[1;31m---------------------------------------------------------------------------\u001b[0m",
      "\u001b[1;31mNameError\u001b[0m                                 Traceback (most recent call last)",
      "\u001b[1;32m<ipython-input-7-0b9689fca741>\u001b[0m in \u001b[0;36m<module>\u001b[1;34m()\u001b[0m\n\u001b[1;32m----> 1\u001b[1;33m \u001b[0mdt\u001b[0m\u001b[1;33m.\u001b[0m\u001b[0mdata\u001b[0m\u001b[1;33m(\u001b[0m\u001b[1;33m)\u001b[0m\u001b[1;33m\u001b[0m\u001b[0m\n\u001b[0m",
      "\u001b[1;31mNameError\u001b[0m: name 'dt' is not defined"
     ]
    }
   ],
   "source": []
  }
 ],
 "metadata": {
  "kernelspec": {
   "display_name": "Python 3",
   "language": "python",
   "name": "python3"
  },
  "language_info": {
   "codemirror_mode": {
    "name": "ipython",
    "version": 3
   },
   "file_extension": ".py",
   "mimetype": "text/x-python",
   "name": "python",
   "nbconvert_exporter": "python",
   "pygments_lexer": "ipython3",
   "version": "3.8.3"
  }
 },
 "nbformat": 4,
 "nbformat_minor": 2
}
